1 0 2 100000000000000000000000000000000000000000000000000000000000000000000000000000000000000000000000
9 2 0 100000000000000000000000000000001000000000000000000000000000000000000000000000000000000000000100
17 1 3 100000000000000011000000000000001000000000001100000000000011000000000000000011000000000000000100
25 3 1 000000000000000000000000000000000000000000000000000000000000000000000000000000000000000000000001
33 0 1 000000000000011111111111000000000000011111111111100000000000011111111111000000000000111111111111
40 0 3 000000000000000000000000000000000000000000000000000000000000000000000000000000000000000000000001
47 3 0 000000000000000000000000000000000000000000000000000000000000000000000000000000000000000000000001
54 3 2 000000000000000000000000000000000000000000000000000000000000000000000000000000000000000000000001
61 1 0 000000000000000000000000000000000000000000000000000000000000000000000000000000000000000000000001
68 1 2 000000000000000000000000000000000000000000000000000000000000000000000000000000000000000000000001
75 2 1 000000000000000000000000000000000000000000000000000000000000000000000000000000000000000000000001
100 2 3 100000000000000000000000000000000000000000000000000000000000000000000000000000000000000000000000
101 0 1 100000000000000000000000000000000000000000000000000000000000000000000000000000000000000000111111